# Configuracion:
# Concentracion g/m^3_=_9100.0
# C_Vs_to_Am_M_A/Vsm_=_27341912153.153923
# pendiente_HvsI_1/m_=_3716.3
# ordenada_HvsI_A/m_=_1297.0
# frecuencia_ref_Hz_=_301378.2192539355
# 
Resultados:
# tau_ns_=_(3.89+/-0.13)e+01
# dphi_rad_=_6.36+/-0.00
# SAR_W/g_=_122.17+/-4.62
# Hc_kA/m_=_5.98+/-0.11
# Mr_A/m_=_38.26+/-0.92
# Magnetizacion_max_emu/g_=_21.8+/-0.4
# Suceptibilidad_a_M=0_=_(6.892+/-0.167)e-03

Nombre_archivo	Time_m_(s)	Temperatura_(ºC)	Mr_(A/m)	Hc_(kA/m)	Campo_max_(A/m)	Mag_max_(A/m)	f0	mag0	dphi0	SAR_(W/g)	Tau_(ns)	N	xi_M_0
300kHz_150dA_100Mss_bobN1F10007.txt		20.00	37.09	6.11	57041.50	192.77	3.013994e+05	3.470315e+01	6.358980e+00	121.84	40.104379	4645	6.496e-03
300kHz_150dA_100Mss_bobN1F10008.txt		20.00	37.67	6.18	57041.50	191.34	3.013994e+05	3.450820e+01	6.360728e+00	123.94	41.033013	4645	6.550e-03
300kHz_150dA_100Mss_bobN1F10009.txt		20.00	37.90	6.13	57041.50	195.35	3.013994e+05	3.517404e+01	6.359580e+00	124.47	40.423331	4645	6.633e-03
300kHz_150dA_100Mss_bobN1F10010.txt		20.00	37.63	6.10	57041.50	194.39	3.013994e+05	3.502240e+01	6.358884e+00	122.81	40.053748	4645	6.611e-03
300kHz_150dA_100Mss_bobN1F10011.txt		20.00	38.21	6.14	57041.50	196.71	3.013994e+05	3.543438e+01	6.360167e+00	126.35	40.735483	4645	6.685e-03
300kHz_150dA_100Mss_bobN1F10012.txt		20.00	38.13	6.10	57041.50	196.70	3.013994e+05	3.543069e+01	6.359385e+00	125.06	40.320026	4645	6.707e-03
300kHz_150dA_100Mss_bobN1F10013.txt		20.00	38.46	6.07	57041.50	199.16	3.013994e+05	3.585752e+01	6.358917e+00	125.79	40.070696	4645	6.797e-03
300kHz_150dA_100Mss_bobN1F10014.txt		20.00	38.47	6.10	57041.50	198.12	3.013994e+05	3.569536e+01	6.358658e+00	124.79	39.933527	4645	6.779e-03
300kHz_150dA_100Mss_bobN1F10015.txt		20.00	38.31	6.10	57041.50	195.36	3.013994e+05	3.528459e+01	6.359541e+00	124.80	40.402660	4645	6.742e-03
300kHz_150dA_100Mss_bobN1F10016.txt		20.00	38.22	6.01	57041.50	198.82	3.013994e+05	3.588133e+01	6.357721e+00	123.89	39.435757	4645	6.826e-03
300kHz_150dA_100Mss_bobN1F10017.txt		20.00	38.60	6.04	57041.50	199.28	3.013994e+05	3.595042e+01	6.357878e+00	124.39	39.519329	4645	6.883e-03
300kHz_150dA_100Mss_bobN1F10018.txt		20.00	38.70	6.03	57041.50	200.64	3.013994e+05	3.615862e+01	6.357563e+00	124.58	39.352445	4645	6.896e-03
300kHz_150dA_100Mss_bobN1F10019.txt		20.00	38.91	6.03	57041.50	200.16	3.013994e+05	3.611156e+01	6.357660e+00	124.58	39.403501	4645	6.950e-03
300kHz_150dA_100Mss_bobN1F10020.txt		20.00	39.13	6.05	57041.50	201.51	3.013994e+05	3.634319e+01	6.358370e+00	126.57	39.781052	4645	6.947e-03
300kHz_150dA_100Mss_bobN1F10021.txt		20.00	39.15	6.02	57041.50	202.28	3.013994e+05	3.649032e+01	6.357916e+00	126.32	39.539756	4645	6.984e-03
300kHz_150dA_100Mss_bobN1F10022.txt		20.00	39.16	6.02	57041.50	201.01	3.013994e+05	3.631511e+01	6.357507e+00	125.03	39.322288	4645	6.993e-03
300kHz_150dA_100Mss_bobN1F10023.txt		20.00	39.08	6.06	57041.50	199.58	3.013994e+05	3.608143e+01	6.358846e+00	126.46	40.033826	4645	6.935e-03
300kHz_150dA_100Mss_bobN1F10024.txt		20.00	39.00	5.93	57041.50	203.39	3.013994e+05	3.672090e+01	6.355897e+00	123.69	38.467363	4645	7.065e-03
300kHz_150dA_100Mss_bobN1F10025.txt		20.00	39.14	6.03	57041.50	200.97	3.013994e+05	3.628587e+01	6.357824e+00	125.46	39.491110	4645	6.980e-03
300kHz_150dA_100Mss_bobN1F10026.txt		20.00	39.15	5.97	57041.50	202.14	3.013994e+05	3.649861e+01	6.356467e+00	123.90	38.770554	4645	7.072e-03
300kHz_150dA_100Mss_bobN1F10027.txt		20.00	39.32	6.02	57041.50	202.62	3.013994e+05	3.656394e+01	6.357732e+00	126.26	39.442257	4645	7.035e-03
300kHz_150dA_100Mss_bobN1F10028.txt		20.00	39.14	5.91	57041.50	204.74	3.013994e+05	3.694207e+01	6.355434e+00	123.64	38.221405	4645	7.154e-03
300kHz_150dA_100Mss_bobN1F10029.txt		20.00	39.01	5.99	57041.50	200.75	3.013994e+05	3.628214e+01	6.357329e+00	124.62	39.228125	4645	7.043e-03
300kHz_150dA_100Mss_bobN1F10030.txt		20.00	39.07	5.93	57041.50	202.13	3.013994e+05	3.650490e+01	6.356004e+00	123.14	38.524278	4645	7.133e-03
300kHz_150dA_100Mss_bobN1F10031.txt		20.00	38.80	5.93	57041.50	201.76	3.013994e+05	3.645944e+01	6.355649e+00	122.39	38.336087	4645	7.062e-03
300kHz_150dA_100Mss_bobN1F10032.txt		20.00	38.70	5.91	57041.50	201.01	3.013994e+05	3.631475e+01	6.356015e+00	122.52	38.530029	4645	7.056e-03
300kHz_150dA_100Mss_bobN1F10033.txt		20.00	38.45	5.91	57041.50	201.19	3.013994e+05	3.630702e+01	6.355162e+00	121.06	38.077535	4645	7.036e-03
300kHz_150dA_100Mss_bobN1F10034.txt		20.00	38.44	5.92	57041.50	200.38	3.013994e+05	3.616402e+01	6.355836e+00	121.71	38.435527	4645	7.012e-03
300kHz_150dA_100Mss_bobN1F10035.txt		20.00	38.33	5.89	57041.50	199.71	3.013994e+05	3.609356e+01	6.355108e+00	120.26	38.048406	4645	7.021e-03
300kHz_150dA_100Mss_bobN1F10036.txt		20.00	37.88	5.85	57041.50	199.43	3.013994e+05	3.600537e+01	6.354469e+00	118.90	37.709370	4645	6.972e-03
300kHz_150dA_100Mss_bobN1F10037.txt		20.00	37.81	5.84	57041.50	198.94	3.013994e+05	3.590707e+01	6.354699e+00	118.96	37.831350	4645	6.996e-03
300kHz_150dA_100Mss_bobN1F10038.txt		20.00	37.32	5.81	57041.50	196.19	3.013994e+05	3.544492e+01	6.353156e+00	114.90	37.012188	4645	6.962e-03
300kHz_150dA_100Mss_bobN1F10039.txt		20.00	36.82	5.82	57041.50	193.39	3.013994e+05	3.494276e+01	6.353652e+00	114.07	37.275956	4645	6.826e-03
300kHz_150dA_100Mss_bobN1F10040.txt		20.00	36.54	5.81	57041.50	193.17	3.013994e+05	3.486555e+01	6.353466e+00	113.52	37.177055	4645	6.795e-03
300kHz_150dA_100Mss_bobN1F10041.txt		20.00	35.98	5.75	57041.50	191.97	3.013994e+05	3.465992e+01	6.351560e+00	109.80	36.165916	4645	6.756e-03
300kHz_150dA_100Mss_bobN1F10042.txt		20.00	35.56	5.73	57041.50	190.93	3.013994e+05	3.441537e+01	6.350703e+00	107.66	35.711102	4645	6.719e-03
